anger,contempt,disgust,fear,happiness,neutral,sadness,surprise
0.00085672,0.0143954,0.000602039,6.43737e-05,0.00494302,0.960398,0.0173975,0.00134259
0.000581662,0.08637,0.00114603,0.000172795,0.299317,0.596474,0.0109853,0.00495306
0.00151719,0.0147582,0.00104137,0.000205416,0.0203508,0.921697,0.0375417,0.00288861
0.000642894,0.0431926,0.000279947,2.02558e-05,0.0602258,0.885735,0.0093001,0.00060293
0.000564739,0.0495197,0.00032066,2.61631e-05,0.140377,0.801423,0.00725723,0.000511904
0.000170796,0.0275525,9.34929e-05,3.26641e-06,0.0793396,0.88966,0.00300976,0.000170267
0.000245273,0.0147235,0.000119695,5.92206e-06,0.0320796,0.948441,0.00411156,0.00027329
0.00048423,0.0102935,0.000167093,8.89927e-06,0.015431,0.96713,0.00618982,0.000295253
0.000622699,0.00700918,0.000239202,1.22417e-05,0.00708802,0.975651,0.00892761,0.00045046
0.000299792,0.00710622,9.70443e-05,4.218e-06,0.00716667,0.97939,0.00572103,0.000215426
0.000880358,0.00639668,0.000297672,2.68236e-05,0.0253621,0.955152,0.0110597,0.000824392
0.00232234,0.00851171,0.000505185,5.23727e-05,0.0219952,0.95617,0.00952725,0.000916298
0.00255417,0.011234,0.000521433,7.51793e-05,0.092252,0.884385,0.00741917,0.00155894
0.00404124,0.016405,0.00105533,0.000189521,0.111522,0.855264,0.00872247,0.00280088
0.00350365,0.0132015,0.000799026,9.9348e-05,0.0916691,0.884252,0.00465958,0.00181636
0.00286508,0.0134928,0.000587743,8.69878e-05,0.0645934,0.911405,0.00596266,0.00100604
0.0021098,0.0104781,0.000398908,2.46751e-05,0.0748318,0.909153,0.00240458,0.000599397
0.000326615,0.00438668,4.43144e-05,7.82584e-07,0.0879983,0.906696,0.000476145,7.15428e-05
0.000632289,0.0067274,0.000119327,5.97469e-06,0.0913302,0.899638,0.0011784,0.000367994
0.000379966,0.0108338,0.000105344,4.04835e-06,0.152704,0.834631,0.000985298,0.000357025
0.000318913,0.00740122,7.2402e-05,1.53405e-06,0.208365,0.78342,0.000167917,0.000252537
0.000341173,0.0172757,0.000145826,4.86541e-06,0.219233,0.761712,0.000514432,0.000772813
0.00203737,0.0213911,0.00103692,2.41593e-05,0.252237,0.715426,0.00069385,0.00715304
0.00147876,0.0175307,0.00143898,4.32054e-05,0.225938,0.746276,0.00121201,0.00608288
0.00378693,0.0126103,0.00219695,7.1864e-05,0.188323,0.763935,0.0013497,0.0277258
0.00207916,0.00899332,0.0016985,8.49615e-05,0.294625,0.671297,0.00258938,0.0186331
0.00229877,0.00905601,0.00167157,5.22908e-05,0.231896,0.71858,0.00103564,0.0354091
0.00985069,0.0115048,0.00857023,0.000478124,0.084391,0.788329,0.00424564,0.092631
0.0104367,0.013355,0.00932193,0.000501525,0.12546,0.72785,0.00452123,0.108554
0.00350069,0.00949055,0.00346503,5.41283e-05,0.355592,0.564487,0.00109631,0.0623143
0.00207819,0.00896568,0.00225931,3.88581e-05,0.436519,0.510118,0.000823642,0.0391975
0.00294712,0.0117872,0.00312844,0.000128119,0.368595,0.558451,0.00213328,0.0528304
0.00638602,0.00998381,0.00613433,0.000271671,0.362993,0.539996,0.00623524,0.0679995
0.0134554,0.00961114,0.0112221,0.000933098,0.218194,0.654837,0.0129352,0.0788117
0.00931361,0.0100721,0.00768939,0.000583855,0.307193,0.590231,0.00915387,0.065763
0.00541162,0.0129479,0.00511782,0.000203151,0.379685,0.498158,0.00196557,0.0965106
0.00708166,0.0147279,0.00649787,0.00019381,0.294453,0.551858,0.00203324,0.123155
0.0104802,0.0227486,0.00917585,0.00101319,0.505368,0.406845,0.0053842,0.0389856
0.0159596,0.0237336,0.0111355,0.0010195,0.426387,0.494981,0.00647234,0.0203119
0.00601812,0.042639,0.00512094,0.000567516,0.487822,0.387884,0.0020665,0.0678823
0.00702022,0.0205558,0.00538442,0.00122555,0.450841,0.456078,0.00643952,0.0524547
0.00276293,0.00724836,0.00133856,0.000542197,0.242158,0.729156,0.00480476,0.0119889
0.00410668,0.02007,0.0026743,0.000491233,0.47624,0.472106,0.00467097,0.0196401
0.00197564,0.0146658,0.00129717,0.000209674,0.533216,0.439333,0.00285802,0.00644447
0.00136396,0.0146785,0.000929588,0.00012236,0.66584,0.311283,0.00242823,0.00335474
0.00084157,0.0106508,0.000618194,0.000103749,0.703244,0.279208,0.00182219,0.00351168
0.00156203,0.0129987,0.00119203,0.000333002,0.464126,0.507838,0.00497719,0.00697326
0.000355772,0.0119747,0.00035009,2.74598e-05,0.668939,0.315846,0.000793479,0.00171437
0.000762872,0.0158081,0.000625089,3.1004e-05,0.483505,0.496478,0.00147728,0.00131353
0.000427312,0.0164888,0.000393405,2.37749e-05,0.6171,0.362491,0.00145639,0.00161959
0.000159424,0.014036,0.000174102,8.77124e-06,0.65404,0.32941,0.000615792,0.00155584
0.000155987,0.0133966,0.000184359,1.84241e-05,0.588276,0.394518,0.00115295,0.00229775
0.000222505,0.00979178,0.000198141,1.40517e-05,0.564225,0.420663,0.000482971,0.00440271
0.000454122,0.00983229,0.000347005,2.40583e-05,0.511159,0.472153,0.000866815,0.00516382
0.000302745,0.00981171,0.000254289,2.56799e-05,0.597646,0.385529,0.0007479,0.00568329
0.000139433,0.00656496,0.000192775,4.80491e-05,0.732991,0.2534,0.00081173,0.00585201
0.000243229,0.0133638,0.000275884,3.62363e-05,0.631226,0.347956,0.00115518,0.00574422
0.000139448,0.0117345,0.000155217,2.51723e-05,0.621479,0.360774,0.000865044,0.00482726
0.000417321,0.0109403,0.000359836,7.31333e-05,0.522472,0.454011,0.00183089,0.00989545
0.00064785,0.0121015,0.000515067,0.000268031,0.603542,0.357506,0.00214696,0.0232724
0.000163539,0.00552691,0.000168023,5.99709e-05,0.764741,0.216957,0.00064024,0.0117436
0.00100376,0.0131057,0.000753305,0.000208854,0.593548,0.367717,0.00191485,0.0217487
0.000335951,0.0179277,0.000329317,0.000108851,0.507377,0.468761,0.00254972,0.00261048
0.000792597,0.0126594,0.000716928,0.00011629,0.64251,0.33058,0.0023534,0.0102715
0.000453878,0.00829124,0.000394081,8.67019e-05,0.693769,0.288247,0.00436502,0.0043928
0.00164145,0.0136421,0.00131873,0.000146187,0.463021,0.50942,0.00476128,0.00604947
0.00594647,0.00630081,0.00291084,0.000712295,0.3368,0.617653,0.0158661,0.0138113
0.00519576,0.0114101,0.00290377,0.000588958,0.346005,0.601723,0.0185968,0.0135765
0.00366799,0.0043391,0.00212533,0.000351367,0.361054,0.603498,0.0160472,0.00891737
0.00312747,0.00418257,0.0015152,0.00063642,0.224893,0.73736,0.0157912,0.0124936
0.00266016,0.00424755,0.00126427,0.00080751,0.436301,0.52625,0.0184756,0.00999364
0.00290025,0.00761301,0.00194424,0.000290511,0.618374,0.356505,0.00690063,0.00547238
0.00174749,0.00679153,0.00239894,0.000168881,0.731178,0.244529,0.0119394,0.0012465
0.00186115,0.00840476,0.00215146,0.000186464,0.684413,0.293243,0.00779891,0.00194061
0.00258017,0.005128,0.00187194,0.000260443,0.131814,0.84068,0.0140191,0.00364663
0.00372397,0.026461,0.00473917,0.00105402,0.37327,0.558596,0.0273893,0.00476658
0.00244454,0.0129535,0.0022668,0.000145128,0.202107,0.772429,0.00491204,0.00274213
0.00348172,0.0101029,0.00354731,0.000248964,0.282684,0.687254,0.0102233,0.00245854
0.00313717,0.00630821,0.00284001,0.000219659,0.47012,0.508423,0.00503435,0.00391745
0.00372704,0.010335,0.00383962,8.93237e-05,0.491447,0.485299,0.00340619,0.0018561
0.00435556,0.00884362,0.0045158,0.00054262,0.393669,0.572152,0.0118156,0.00410676
0.00415623,0.00668358,0.00447742,0.000237125,0.343822,0.623927,0.0136445,0.0030526
0.00327109,0.00441058,0.00352854,3.19948e-05,0.254825,0.728648,0.00371386,0.00157156
0.00324129,0.00226822,0.00373238,3.62748e-05,0.1827,0.797879,0.00860361,0.00153882
0.0136773,0.00495536,0.0196128,3.02496e-05,0.0507335,0.902202,0.00478542,0.00400351
0.000963804,0.0025633,0.00154772,9.49962e-05,0.484102,0.494999,0.0138173,0.00191213
0.00083801,0.00246689,0.00141975,8.21423e-05,0.498785,0.480506,0.0139637,0.00193836
0.000756552,0.00211397,0.00129272,7.45526e-05,0.562878,0.415446,0.0162322,0.00120622
0.000981109,0.00474348,0.00164501,4.26657e-05,0.412438,0.570886,0.00833123,0.000932747
0.00173684,0.00397672,0.00184093,9.93684e-05,0.388036,0.584949,0.0178623,0.00149852
0.00278573,0.0034145,0.00354716,0.000362763,0.197412,0.750649,0.0392585,0.00257005
0.00212211,0.00287339,0.00225071,0.000325869,0.170862,0.786703,0.0325739,0.00228929
0.0029912,0.00612305,0.002898,0.000336546,0.236801,0.725546,0.0228799,0.00242408
0.00380302,0.00596045,0.00303646,0.000313742,0.222646,0.737293,0.0246184,0.00232908
0.00525289,0.00980685,0.00357135,0.000259986,0.145391,0.810775,0.0231746,0.00176858
0.00273909,0.00490854,0.00195714,0.000200737,0.196148,0.781308,0.0109828,0.00175608
0.00170987,0.00376503,0.0015014,0.000146102,0.214582,0.765072,0.0121051,0.0011187
0.00128623,0.00322457,0.00124145,0.000104233,0.278884,0.704526,0.00960734,0.00112674
0.00173876,0.00273236,0.00216963,0.000309784,0.312444,0.658491,0.0196335,0.00248159
0.00332053,0.0037727,0.00284558,0.000634744,0.0489431,0.901646,0.0352247,0.00361241
0.00653549,0.00555101,0.0087378,0.00199151,0.230855,0.692427,0.0434794,0.0104219
0.00264266,0.00769998,0.00356442,0.00157505,0.307681,0.636668,0.0317132,0.00845583
0.00414934,0.00434184,0.00236031,0.0042328,0.416909,0.509181,0.0501222,0.00870269
0.00543673,0.00687326,0.00265672,0.00163274,0.224303,0.729355,0.0219006,0.00784217
0.00853224,0.00563751,0.00385511,0.00557526,0.29288,0.644331,0.0247384,0.0144508
0.013217,0.00438415,0.0055418,0.00214381,0.0926697,0.827511,0.0489468,0.00558553
0.00578097,0.00503799,0.00300353,0.00174308,0.557986,0.407795,0.00969634,0.00895683
0.00248278,0.00567504,0.00154448,0.000561113,0.511669,0.466708,0.00811152,0.00324761
0.0031605,0.00615116,0.0019531,0.00109862,0.400542,0.568462,0.0133547,0.00527711
0.00504091,0.00704899,0.00343155,0.000955478,0.228408,0.729965,0.0209042,0.00424643
0.00646677,0.00478954,0.00249363,0.0023112,0.168276,0.786226,0.0197071,0.00972936
0.009648,0.00337657,0.00190954,0.00172798,0.0287635,0.92009,0.0277852,0.00669944
0.00476575,0.00358713,0.00423723,0.000490857,0.0759202,0.888313,0.0181979,0.0044884
0.00541711,0.00925875,0.00749188,5.72085e-05,0.113933,0.850362,0.0121901,0.00129001
0.00384731,0.00573735,0.00311852,4.40448e-05,0.0919484,0.889016,0.00545576,0.000833014
0.0032312,0.00477515,0.00245793,3.72081e-05,0.0994544,0.887147,0.00175401,0.00114263
0.0061954,0.00653262,0.00486495,0.000272259,0.120785,0.849855,0.00876247,0.00273233
0.00694263,0.00556056,0.002887,0.000425797,0.041985,0.918902,0.0214876,0.00180901
0.00747208,0.00491004,0.00318888,0.000622837,0.111621,0.856784,0.0110747,0.00432614
0.0088741,0.00518745,0.0069756,0.000818547,0.0661884,0.879033,0.0281876,0.00473541
0.00510597,0.00235798,0.00527933,0.000212644,0.0901575,0.878858,0.0155809,0.00244735
0.00329667,0.00171234,0.00352486,6.6722e-05,0.0773148,0.903348,0.00948552,0.0012515
0.00402426,0.00179031,0.004505,6.07178e-05,0.0680006,0.908414,0.0120725,0.00113271
0.00402426,0.00179031,0.004505,6.07178e-05,0.0680006,0.908414,0.0120725,0.00113271
0.00402426,0.00179031,0.004505,6.07178e-05,0.0680006,0.908414,0.0120725,0.00113271
0.0183478,0.00660856,0.00512215,0.000795433,0.0401144,0.885596,0.0403967,0.0030189
0.0162274,0.00376631,0.00393452,0.00121993,0.0502202,0.882973,0.036883,0.00477559
0.0092282,0.00336844,0.00203605,0.00136859,0.107252,0.841423,0.0313433,0.00398065
0.00289871,0.00208141,0.000440918,0.000523496,0.288183,0.690481,0.0136918,0.00169967
0.00415761,0.00252177,0.000706388,0.00103101,0.463101,0.505952,0.0204922,0.00203825
0.00627588,0.00244448,0.00100602,0.000576162,0.335573,0.62882,0.0231239,0.00218045
0.0153812,0.00403212,0.00274688,0.000816691,0.242727,0.71093,0.0198618,0.00350502
0.00659138,0.00192865,0.00129078,0.000116547,0.282169,0.664817,0.0422455,0.000841597
0.00341895,0.00068555,0.000847503,0.000226195,0.446839,0.463957,0.0827324,0.00129408
0.00674157,0.00202408,0.00126102,0.000251786,0.0896383,0.849819,0.0486779,0.0015868
0.010019,0.00305046,0.00215319,0.000204857,0.158496,0.784224,0.0399952,0.00185771
0.0123474,0.00491773,0.00295341,0.000274519,0.111981,0.813255,0.0525361,0.0017355
0.0280385,0.00786577,0.00768279,0.000359778,0.0906501,0.79906,0.0638973,0.00244598
0.0587234,0.00798634,0.0133366,0.000866275,0.0312896,0.803876,0.0784204,0.0055015
0.0392835,0.0196125,0.0235662,0.00213874,0.0880893,0.683152,0.13326,0.0108984
0.0270649,0.00784485,0.00826262,0.000553396,0.00647673,0.866684,0.0798929,0.00322097
0.055856,0.0122851,0.0100494,0.000472135,0.00270133,0.847293,0.0680189,0.00332372
0.045757,0.0203168,0.0174708,0.0015872,0.00977431,0.836027,0.0578553,0.0112113
0.132859,0.060661,0.0267322,0.00217566,0.00796238,0.66269,0.097248,0.0096719
0.0861715,0.0423101,0.0250207,0.0008376,0.0132809,0.776229,0.0489374,0.00721252
0.0428837,0.0328227,0.0411291,0.000269141,0.0141839,0.825198,0.0358449,0.00766886
0.0516492,0.0269825,0.00787542,0.000428845,0.0192711,0.867143,0.0175497,0.00910028
0.0445898,0.0197586,0.00747241,0.000401189,0.0184369,0.880735,0.00846279,0.0201435
0.0631252,0.0131841,0.00525376,0.000460118,0.0118571,0.878607,0.0123928,0.01512
0.0356819,0.0121384,0.00835372,0.000277974,0.00819334,0.901695,0.0163512,0.017308
0.0903861,0.0920276,0.0147519,0.00105314,0.0162762,0.726853,0.0172161,0.0414359
0.126246,0.0164589,0.0175122,0.0017436,0.00959142,0.58899,0.00753602,0.231922
0.0436149,0.0173501,0.010536,0.00259532,0.0204156,0.736573,0.0107799,0.158136
0.0812757,0.0305453,0.0137334,0.00166151,0.0139723,0.734572,0.0135491,0.110691
0.0627659,0.0139889,0.00664865,0.00124846,0.012956,0.846321,0.0110917,0.0449795
0.051205,0.0305205,0.0105378,0.00237457,0.0367307,0.796525,0.0174216,0.0546845
0.0366644,0.0320011,0.00891084,0.00180872,0.0275162,0.825676,0.0160355,0.0513872
0.0435607,0.0187903,0.00799946,0.00165298,0.0217601,0.839558,0.0142034,0.0524749
0.0752614,0.035566,0.0137794,0.00219878,0.028173,0.695432,0.0128049,0.136784
0.0595266,0.0243898,0.00989799,0.00269352,0.0430046,0.73639,0.00920628,0.114891
0.0262848,0.0227761,0.00570707,0.00218538,0.100261,0.693293,0.00615263,0.143339
0.0240867,0.0286357,0.00599065,0.0018268,0.0812681,0.69699,0.00609096,0.155111
0.0176356,0.0179676,0.00493634,0.00192993,0.0432426,0.833871,0.010246,0.070171
0.0323821,0.0184775,0.00654515,0.00261699,0.0368813,0.814999,0.0109098,0.0771882
0.027106,0.0209743,0.00634919,0.00648773,0.0802903,0.777276,0.017485,0.064032
0.0307567,0.020778,0.00724483,0.0028436,0.0423745,0.811548,0.0174638,0.0669906
0.0330192,0.0323344,0.00909422,0.0105542,0.0595262,0.611504,0.0200227,0.223945
0.024114,0.0587582,0.00530143,0.00988348,0.0847065,0.634076,0.0135881,0.169573
0.0201095,0.02994,0.0052814,0.00880423,0.045907,0.719027,0.0150248,0.155906
0.018299,0.0251273,0.00642064,0.0172063,0.0514894,0.629169,0.0253145,0.226974
0.0194573,0.13218,0.00971168,0.00249755,0.0438277,0.687429,0.00957585,0.0953209
0.0284677,0.0493026,0.0101344,0.00255641,0.0319509,0.788252,0.0126418,0.0766947
0.0135226,0.0532052,0.00362868,0.00202397,0.0630873,0.782503,0.00584433,0.0761851
0.0419012,0.070165,0.013013,0.00321912,0.0316125,0.734815,0.0231674,0.0821063
0.0320899,0.0370753,0.00834546,0.00262862,0.0380894,0.781804,0.0176336,0.0823336
0.0194009,0.025628,0.00415501,0.00127562,0.0486263,0.827248,0.00445448,0.0692122
0.0296523,0.0203448,0.00451849,0.00193937,0.0421858,0.804063,0.00387284,0.0934232
0.0112687,0.0206269,0.00281604,0.00127049,0.0478083,0.855717,0.00392252,0.05657
0.00832495,0.020698,0.00189952,0.000636759,0.0453552,0.893157,0.00418466,0.025744
0.00473383,0.0322921,0.001574,0.000474441,0.0969123,0.843796,0.00565449,0.014563
0.0203132,0.0190434,0.00493236,0.000473314,0.118411,0.816117,0.00343216,0.0172779
0.0307569,0.035992,0.00738054,0.000759844,0.0703472,0.821884,0.00457741,0.0283017
0.0424265,0.02772,0.0070492,0.00137165,0.052954,0.800709,0.00536029,0.0624098
0.0622157,0.00540375,0.00573276,0.00498031,0.00558374,0.832851,0.00597279,0.0772598
0.0160041,0.0800836,0.0083633,0.00293875,0.176203,0.570357,0.00635311,0.139697
0.010264,0.206533,0.00438443,0.000355268,0.162404,0.595675,0.00322963,0.017154
0.00662078,0.199555,0.00343209,0.000456784,0.145593,0.615469,0.00308606,0.0257877
0.0123155,0.243792,0.00627316,0.000536981,0.170723,0.538369,0.00407282,0.0239171
0.0048363,0.212085,0.00213864,0.000246175,0.302949,0.464221,0.00338912,0.0101346
0.0219535,0.215538,0.00758681,0.000675489,0.145783,0.590116,0.00942631,0.00892112
0.0719383,0.0240089,0.00919236,0.000905955,0.0248862,0.839586,0.00918471,0.0202978
0.0534102,0.0729824,0.0144171,0.00129008,0.0275586,0.788076,0.018708,0.0235578
0.046377,0.12932,0.0180853,0.00199282,0.0274223,0.713201,0.0451138,0.0184879
0.0583352,0.101959,0.0320785,0.0025119,0.0183542,0.683813,0.0880859,0.0148628
0.0668501,0.0242463,0.0211255,0.00222871,0.00961858,0.768705,0.0882125,0.0190138
0.0540738,0.0870632,0.0228786,0.0020542,0.0420288,0.70728,0.0710011,0.0136203
0.0195448,0.0214704,0.0111239,0.000899058,0.0321953,0.870002,0.0359089,0.00885583
0.0184631,0.0142283,0.0086791,0.000828829,0.0205778,0.873045,0.0573596,0.0068184
0.0186569,0.00701692,0.0106533,0.000626959,0.00789332,0.802931,0.147988,0.00423356
0.0313248,0.00949682,0.0129636,0.00143952,0.00727124,0.719718,0.209408,0.00837897
0.0494054,0.0150269,0.0160916,0.00135178,0.00329687,0.713545,0.190757,0.010525
0.0465737,0.0184494,0.0191446,0.00187253,0.00848493,0.683818,0.209302,0.0123544
0.0436615,0.0164056,0.0176875,0.00150118,0.00701006,0.695848,0.207362,0.0105246
0.0297657,0.0325791,0.0164281,0.00130447,0.00854407,0.735115,0.164152,0.0121119
0.0175988,0.0256266,0.00848956,0.000817445,0.00581208,0.757019,0.172366,0.0122698
0.00851538,0.0117022,0.00382053,0.000124738,0.00966851,0.777533,0.187344,0.00129137
0.0135449,0.0111163,0.00562676,0.000770878,0.0279153,0.851247,0.0812622,0.00851608
0.0177005,0.0291709,0.00918594,0.00043369,0.0161905,0.741362,0.182408,0.0035485
0.0275445,0.0986387,0.0140452,0.00105457,0.0158773,0.632017,0.20538,0.00544183
0.0321414,0.183033,0.013266,0.000726487,0.0066475,0.569652,0.190827,0.00370735
0.029339,0.167227,0.00947221,0.0013329,0.021041,0.731148,0.0288516,0.0115879
0.0408382,0.187518,0.0173498,0.000868621,0.017883,0.696808,0.0304756,0.00825938
0.0115762,0.142402,0.00704413,0.000606691,0.032656,0.7826,0.013562,0.00955326
0.0108182,0.119002,0.00860936,0.000577598,0.0299023,0.810551,0.00878466,0.0117539
0.00528431,0.122376,0.0046445,0.000784476,0.0792364,0.766028,0.00892966,0.0127168
0.00595595,0.0755009,0.00291515,0.000243244,0.0563826,0.846727,0.00452507,0.00775
0.00318257,0.0355231,0.00214253,0.000331498,0.085564,0.859235,0.00801521,0.00600627
0.00985928,0.00906292,0.00371367,0.000238264,0.0253556,0.935071,0.00620874,0.0104908
0.00638659,0.00984887,0.0034581,0.000202682,0.067257,0.901705,0.00371664,0.00742468
0.00342594,0.00792449,0.00245545,5.89612e-05,0.0224946,0.954587,0.00454067,0.0045126
0.00541069,0.0162434,0.00252979,0.000144829,0.024921,0.937298,0.00830154,0.00515113
0.00218133,0.0167159,0.00113879,2.04945e-05,0.0615142,0.912712,0.00165274,0.0040642
0.00476592,0.073346,0.00286258,1.78248e-05,0.0457349,0.868874,0.00188047,0.00251827
0.00423481,0.0653203,0.00179273,6.81726e-06,0.0363984,0.889402,0.00152121,0.00132366
0.00445901,0.0421903,0.00107243,6.02282e-06,0.0171459,0.932928,0.0016761,0.000522167
0.0011298,0.0189414,0.000433726,1.59283e-06,0.037471,0.940666,0.0012245,0.000131646
0.000677499,0.0573954,0.000389448,1.46929e-05,0.0814872,0.854928,0.00482654,0.000280825
0.00037376,0.029214,0.000171994,5.93532e-06,0.0430263,0.9229,0.00416375,0.000144323
0.000313886,0.0290935,0.000303697,1.3256e-05,0.0983619,0.865701,0.00578668,0.000426581
0.000277267,0.0178528,0.000266509,1.59851e-05,0.0989389,0.877655,0.00424149,0.000751959
0.000160772,0.019215,9.60688e-05,2.12962e-06,0.111175,0.867035,0.00221558,0.000100026
0.000473094,0.0287438,0.000262656,1.33421e-05,0.231818,0.736373,0.0015993,0.000716504
0.000600499,0.0229843,0.000290654,3.94181e-05,0.138388,0.833729,0.00302405,0.000943198
0.000558174,0.0151689,0.00038863,3.67558e-05,0.145388,0.832381,0.00451505,0.00156308
0.00346866,0.00756144,0.0012405,0.000385109,0.0220021,0.935413,0.0262717,0.00365712
0.00200057,0.00651362,0.000779526,0.000234479,0.0135406,0.945946,0.0287707,0.00221442
0.000841345,0.00390465,0.000170299,4.62455e-05,0.00143818,0.976519,0.0164021,0.000678678
0.00687451,0.0086559,0.00163569,0.00119808,0.00714053,0.937593,0.0235497,0.0133522
0.00127853,0.00505414,0.000242236,0.0001579,0.00274645,0.97697,0.0109876,0.00256334
0.00198984,0.00481123,0.000440818,0.00040787,0.00146653,0.942609,0.0463077,0.00196682
0.0112073,0.003794,0.000306667,0.000102707,0.000241562,0.87666,0.10725,0.00043819
0.00728405,0.00445527,0.00064487,0.00034062,0.000966734,0.883715,0.100879,0.00171432
0.00863167,0.00281779,0.000558018,0.000510887,0.000277658,0.868498,0.117257,0.00144826
0.00372624,0.00229309,0.000314771,0.000130443,0.000243797,0.863664,0.129111,0.000516812
0.00707162,0.00334327,0.000538599,0.00019067,0.000307628,0.916525,0.0711844,0.000838358
0.0131452,0.00363283,0.00128112,0.000647961,0.000886002,0.83739,0.140823,0.00219382
0.021894,0.00334574,0.00143853,0.000488924,0.000452139,0.82068,0.149991,0.00170984
0.01831,0.00372919,0.00282945,0.000869522,0.00232672,0.8458,0.122415,0.00371958
0.0118421,0.00350455,0.0024626,0.00134407,0.00389219,0.848067,0.122976,0.00591066
0.0208156,0.00239504,0.00282272,0.000932993,0.00123531,0.859255,0.107355,0.00518818
0.0261509,0.00316748,0.00288881,0.00112742,0.000672254,0.76947,0.190147,0.00637655
0.0251635,0.00704565,0.00466665,0.000909378,0.00112905,0.761056,0.195476,0.00455319
0.0315134,0.00801863,0.00691433,0.000857432,0.00408619,0.876758,0.0571396,0.0147121
0.0225781,0.00533272,0.00371194,0.00328365,0.000856924,0.815458,0.137181,0.0115975
0.0644184,0.0314075,0.0153434,0.00081927,0.00727164,0.813474,0.061084,0.00618197
0.0489813,0.0118132,0.00492457,0.000387329,0.00294998,0.881569,0.045579,0.00379534
0.0472077,0.0124855,0.00400033,0.000316327,0.0028658,0.897289,0.0334058,0.0024296
0.0596455,0.0142664,0.00306859,0.000331583,0.0044294,0.894488,0.0215843,0.00218661
0.0984103,0.0216583,0.00539669,0.000445207,0.00239636,0.827024,0.0426103,0.00205879
0.0815071,0.0113705,0.00783648,0.000798896,0.00127148,0.793211,0.101922,0.00208314
0.0523181,0.00746048,0.00298807,0.000137697,0.00248356,0.898436,0.0350729,0.0011031
0.06328,0.0134067,0.00282669,0.00021565,0.0022304,0.870546,0.0463837,0.00111057
0.0324374,0.00342741,0.00155374,0.000189668,0.00141746,0.93323,0.0265919,0.00115288
0.00741941,0.00658778,0.00123927,0.000238677,0.00469834,0.953256,0.0224987,0.00406176
0.0201727,0.0120619,0.00331008,0.000765822,0.0101132,0.919121,0.0241129,0.0103423
0.0227299,0.0157748,0.00342098,0.000670415,0.0175124,0.89623,0.0245055,0.0191555
0.0332134,0.01242,0.00610013,0.00249418,0.0216801,0.83077,0.0366622,0.0566601
0.0178226,0.00625552,0.00225429,0.000470045,0.0117834,0.923878,0.0303195,0.00721699
0.0235075,0.00523045,0.00334708,0.00122374,0.0145242,0.907437,0.0218124,0.022918
0.033544,0.00660883,0.00547205,0.00234299,0.0313962,0.867519,0.0300964,0.0230207
0.0632554,0.0474811,0.011191,0.00117401,0.019759,0.821517,0.027694,0.00792879
0.0386561,0.0457353,0.0099275,0.00122626,0.0605139,0.810803,0.0258154,0.00732272
0.0495154,0.0685001,0.0127586,0.00139154,0.0854278,0.748373,0.0208138,0.0132199
0.0382263,0.138049,0.015064,0.00217601,0.189408,0.57821,0.0260299,0.0128359
0.0502569,0.0411957,0.0151882,0.00208653,0.081138,0.757625,0.0335315,0.0189782
0.144858,0.0677823,0.0279543,0.00165033,0.0297976,0.685987,0.0311826,0.0107871
0.28081,0.0155144,0.0511174,0.00451679,0.0172611,0.522241,0.0301184,0.0784205
0.235857,0.0140631,0.0386987,0.00427707,0.0162001,0.584931,0.0284001,0.0775727
0.19848,0.00556712,0.0412354,0.00952786,0.00824333,0.355089,0.0283976,0.35346
0.131144,0.0088342,0.0355547,0.00578461,0.014602,0.406203,0.0184709,0.379407
0.153245,0.00805137,0.0341658,0.00532626,0.00909436,0.613252,0.0292912,0.147573
0.106799,0.0106443,0.0305775,0.00542973,0.00772397,0.688924,0.0252832,0.124619
0.0431633,0.00975578,0.0136862,0.00351902,0.00739291,0.851336,0.0338283,0.0373183
0.0309213,0.0134756,0.00961802,0.00185984,0.0120005,0.891165,0.019393,0.0215663
0.0454603,0.0125401,0.0147355,0.00192896,0.00725962,0.856497,0.0243205,0.0372583
0.0342127,0.0121263,0.0125519,0.00216443,0.0120039,0.881995,0.0223263,0.0226193
0.0545763,0.0102244,0.0179867,0.00214208,0.00514599,0.836393,0.0213436,0.0521883
0.0662749,0.0104131,0.0200873,0.00213709,0.00467883,0.830506,0.0210615,0.0448409
0.0612271,0.00832143,0.0170316,0.00154,0.00379005,0.852014,0.0149774,0.0410984
0.0653363,0.0185644,0.0113327,0.000852957,0.00700361,0.857157,0.0158232,0.0239297
0.0096818,0.00476943,0.00312642,0.00106435,0.00981646,0.915487,0.0437973,0.0122567
0.0408349,0.00625306,0.00587498,0.000849162,0.00405569,0.885594,0.0509771,0.00556071
0.0275747,0.00707744,0.00372251,0.000633993,0.00323103,0.9033,0.0480075,0.00645276
0.0379601,0.0133892,0.00515357,0.000848197,0.00330403,0.863256,0.0703689,0.00572012
0.038863,0.0108582,0.0034383,0.000320264,0.000580932,0.860262,0.0830397,0.0026378
0.0384648,0.00826155,0.00223525,0.000238837,0.000270774,0.833637,0.115401,0.00149067
0.033893,0.0237555,0.00375802,0.000339618,0.00155597,0.838927,0.0949997,0.0027715
0.034857,0.00639103,0.00176762,0.000275809,0.000627835,0.894574,0.0585973,0.00290948
0.0328081,0.00583725,0.00231384,0.000519429,0.00108881,0.883386,0.0683204,0.00572645
0.0339326,0.00563132,0.00242077,0.000542588,0.0011432,0.881008,0.0694359,0.00588578
0.00330519,0.00458142,0.00109168,7.67005e-05,0.00152217,0.892501,0.0953298,0.00159175
0.00495421,0.00357572,0.00103057,9.78369e-05,0.000731977,0.891465,0.0960401,0.00210495
0.00309129,0.00387915,0.000631954,7.53083e-05,0.00139465,0.869001,0.120841,0.00108558
0.00143823,0.00298062,0.000378782,3.83905e-05,0.00181393,0.869743,0.122874,0.000733069
0.00285569,0.00587603,0.00137347,0.000311669,0.0316962,0.922998,0.0183329,0.0165564
0.00175162,0.00419284,0.000603451,6.3267e-05,0.00318408,0.921446,0.0678574,0.000900938
0.000503669,0.0058926,0.000265456,3.82968e-06,0.0285941,0.960375,0.00382016,0.000545394
0.00206334,0.00709901,0.00106923,6.4961e-05,0.0293325,0.939467,0.0174045,0.00349965
0.000870832,0.0066783,0.000816822,6.47798e-05,0.0356334,0.926336,0.0272402,0.00235988
0.000766497,0.00924618,0.00172569,0.000193725,0.0511173,0.874314,0.0551525,0.00748398
0.00281238,0.0114158,0.00390277,0.000333753,0.0331642,0.900885,0.0330999,0.0143861
0.00433857,0.0161532,0.00634465,0.00140893,0.0340129,0.831223,0.0802299,0.026289
0.00487336,0.0136256,0.00566318,0.00205635,0.0251596,0.837417,0.0709242,0.0402805
0.00438982,0.0149541,0.00475016,0.00145654,0.0261293,0.867056,0.0442367,0.0370271
0.00724061,0.00907994,0.010311,0.00534332,0.0155563,0.776003,0.0743448,0.102121
0.00397936,0.00685991,0.00512902,0.00093735,0.0165375,0.86999,0.0517733,0.0447931
0.00464838,0.0074909,0.00449595,0.000479376,0.0159734,0.89763,0.0251256,0.044156
0.00826096,0.0126879,0.00637117,0.000451714,0.0208952,0.904814,0.01814,0.0283788
0.00552694,0.00611662,0.0036157,0.000876128,0.0345467,0.896591,0.0126098,0.0401175
0.00336925,0.00656021,0.00141458,0.000338456,0.0186571,0.921335,0.0418426,0.00648235
0.00471069,0.0105418,0.00238295,0.000267152,0.0237725,0.930268,0.0200702,0.00798639
0.0063299,0.0115344,0.00258364,0.000187306,0.0346481,0.922708,0.0167467,0.00526193
0.00468018,0.0076026,0.00165043,0.000138459,0.0277931,0.943753,0.010769,0.00361338
0.00537174,0.0100395,0.00291002,0.000573592,0.0293784,0.919694,0.0204775,0.0115548
0.0070212,0.00586237,0.00255393,0.00128719,0.0111418,0.930136,0.0254201,0.0165772
0.00620583,0.00876892,0.00257739,0.000929876,0.0237803,0.925704,0.0174841,0.0145499
0.0064649,0.0104662,0.00273176,0.000741862,0.022351,0.928031,0.0185425,0.0106711
0.0114229,0.011007,0.00535527,0.00107019,0.0570127,0.876665,0.0154224,0.0220442
0.00565854,0.00542496,0.00196265,0.000556088,0.0191895,0.928856,0.0281536,0.0101992
0.0106826,0.00513492,0.00254236,0.000603886,0.00896219,0.931506,0.0296932,0.0108753
0.0302585,0.0104995,0.00362944,0.000125192,0.00759642,0.915243,0.0305575,0.00209008
0.0716942,0.0143865,0.00669354,0.000570494,0.00375565,0.850433,0.046989,0.00547793
0.0677575,0.0209889,0.00420885,6.0791e-05,0.00217489,0.821346,0.083068,0.000395082
0.0164684,0.0512023,0.0034373,0.000385886,0.00267595,0.737185,0.187389,0.00125646
0.0060433,0.0035782,0.00115784,0.000138779,0.000786306,0.690414,0.297553,0.000328956
0.0217366,0.00174918,0.00145534,0.000356805,0.000343134,0.824376,0.148635,0.00134877
0.0174653,0.00218638,0.0022285,0.00068434,0.000758617,0.765804,0.209555,0.00131814
0.0176773,0.0024465,0.00129476,0.000353946,0.000443328,0.837799,0.139062,0.000923246
0.0368773,0.00389981,0.00358558,0.000327577,0.000756727,0.842813,0.109672,0.00206796
0.0462,0.00540947,0.00275329,0.000280177,0.000381919,0.809406,0.134561,0.00100805
0.0467207,0.00834343,0.00426984,0.000894621,0.00147889,0.839167,0.095168,0.00395717
0.0743852,0.0111366,0.00704206,0.00148237,0.00175152,0.835696,0.0596034,0.00890293
0.0943741,0.00554168,0.00695856,0.00135214,0.00109656,0.808876,0.075576,0.00622491
0.0775855,0.00863122,0.00593417,0.000891153,0.00104221,0.803177,0.0996276,0.00311163
0.0506024,0.00943723,0.00496387,0.000687738,0.000791061,0.778869,0.153236,0.00141277
0.0593053,0.0295854,0.00730482,0.000857623,0.00136282,0.771974,0.127438,0.002172
0.0714473,0.0897042,0.0148686,0.00195348,0.00196427,0.699968,0.115922,0.00417166
0.096738,0.0518363,0.0131818,0.00140965,0.00163791,0.739647,0.0906542,0.0048947
0.091146,0.0450171,0.00888048,0.000596818,0.00141066,0.772764,0.0777674,0.00241761
0.0807272,0.035797,0.00985156,0.000730541,0.00159452,0.783831,0.0849702,0.0024983
0.0642057,0.0201521,0.00802527,0.000733364,0.00201911,0.834282,0.0680832,0.00249958
0.0609461,0.0165101,0.00813964,0.000853749,0.0015968,0.824829,0.0847975,0.00232723
0.0655402,0.0261254,0.0108209,0.00123093,0.00137014,0.76945,0.12288,0.00258265
0.0806387,0.0204923,0.0107953,0.00114408,0.000849862,0.752193,0.131249,0.0026375
0.0731142,0.0229419,0.0165052,0.0021475,0.000982012,0.773828,0.104237,0.006244
0.00181946,0.0750182,0.000199621,0.000705804,0.00623782,0.9076,0.00731713,0.00110162
0.0726832,0.0207285,0.0207608,0.00433144,0.000765554,0.782106,0.081035,0.0175899
0.070876,0.0182318,0.0185366,0.00397721,0.000638622,0.794059,0.0789563,0.0147245
0.117134,0.0186518,0.0124505,0.00225661,0.000268073,0.779224,0.0604337,0.00958167
0.0693357,0.0175493,0.0109235,0.00188791,0.000524691,0.827022,0.0662637,0.00649314
0.0292038,0.00179564,0.000583267,8.98398e-05,0.000328842,0.962232,0.00476469,0.0010023
0.00866366,0.0181079,0.00278296,0.00192335,0.0458584,0.897758,0.0181835,0.00672242
0.0424612,0.00659458,0.00425173,0.00108177,0.00475671,0.914514,0.00960183,0.0167382
0.0825839,0.0118477,0.0182295,0.00671996,0.00346218,0.750875,0.0153639,0.110918
0.0756211,0.0173926,0.0192891,0.00690755,0.00554169,0.751449,0.0163416,0.107458
0.0407601,0.0101548,0.00955355,0.00448358,0.0103133,0.85882,0.0145608,0.0513539
0.032859,0.0144967,0.00805255,0.00261901,0.0206708,0.881712,0.011684,0.0279064
0.0570781,0.0125995,0.0157234,0.00333098,0.0164032,0.80838,0.0132315,0.0732537
0.0659726,0.013572,0.0175385,0.00234997,0.0187785,0.783276,0.0115784,0.0869344
0.0516753,0.0131483,0.015068,0.00248923,0.026813,0.80892,0.012987,0.0688992
0.0288484,0.00679056,0.00634939,0.00169808,0.0120695,0.8798,0.0149116,0.0495322
0.0222431,0.0055868,0.00452215,0.00131743,0.00881144,0.920595,0.0157417,0.021182
0.022598,0.00725467,0.0050805,0.00142275,0.00939194,0.918941,0.0157939,0.0195173
0.020104,0.00665087,0.00491951,0.00135821,0.00576049,0.925177,0.0140002,0.0220301
0.0305877,0.00785121,0.00848631,0.00179882,0.00674373,0.897702,0.013328,0.0335021
0.01961,0.00482171,0.00372522,0.000747125,0.00557277,0.938966,0.0106365,0.0159201
0.0190494,0.00398621,0.00295995,0.000601586,0.00414165,0.947038,0.00981717,0.0124061
0.015531,0.00362679,0.00280369,0.000376451,0.00454262,0.956893,0.00689433,0.00933234
0.0133123,0.00280343,0.00244014,0.000343284,0.00371859,0.961496,0.0064858,0.00940054
0.0108822,0.0042555,0.00294075,0.000555167,0.00510454,0.950762,0.0119619,0.013538
0.0134404,0.00500615,0.00329915,0.0004412,0.00356269,0.941308,0.0164145,0.0165275
0.0109008,0.00591524,0.00348797,0.00071469,0.00418427,0.940141,0.015665,0.0189908
0.00665034,0.00341635,0.00213262,0.000185478,0.00215503,0.954961,0.0197369,0.010762
0.0201825,0.00577724,0.00540604,0.000697243,0.0027734,0.907182,0.024204,0.0337776
0.04275,0.00577657,0.00999404,0.0012701,0.00104919,0.772122,0.153423,0.0136149
0.023477,0.004135,0.00385456,0.000696206,0.000962878,0.898615,0.0629356,0.00532422
0.0231901,0.0037104,0.00378335,0.000698061,0.00085001,0.894329,0.0683284,0.00511092
0.0323207,0.00436053,0.00513455,0.000930019,0.000998701,0.883953,0.0649245,0.00737804
0.0325821,0.0044304,0.00477842,0.000648776,0.000869859,0.889102,0.0615662,0.00602272
0.0322141,0.00522031,0.00428972,0.000799076,0.00112204,0.910778,0.0382162,0.00736038
0.021191,0.00533617,0.00401377,0.00115446,0.00501911,0.901073,0.0476469,0.0145657
0.0272661,0.00463952,0.00475465,0.00136035,0.00375905,0.8891,0.0552626,0.0138574
0.0244793,0.0041763,0.00455126,0.00130727,0.00466793,0.89642,0.0526764,0.0117215
0.0171059,0.00359259,0.00475684,0.00139062,0.00529498,0.883911,0.0713314,0.0126168
0.0218305,0.00326511,0.00521051,0.00128074,0.0039555,0.886768,0.0658173,0.011872
0.0243964,0.00281872,0.00536323,0.00192525,0.0023021,0.863392,0.0874127,0.0123901
0.0143943,0.00215816,0.0042606,0.00129316,0.00273315,0.823834,0.142617,0.00870996
0.0275587,0.00279694,0.00855502,0.0019531,0.00336565,0.854804,0.0846845,0.0162826
0.0373795,0.00307783,0.0111827,0.0018406,0.00247698,0.874339,0.045788,0.0239153
0.0623102,0.00365768,0.0171051,0.00272235,0.00224721,0.829167,0.0523917,0.0303983
0.0663609,0.00684537,0.0135891,0.0017216,0.00541474,0.868858,0.0154111,0.0217991
0.036069,0.00719798,0.006767,0.000792908,0.00885983,0.91576,0.0100858,0.0144677
0.0120102,0.00623578,0.00244567,0.000221428,0.0252851,0.944044,0.00498162,0.00477595
0.00588457,0.00690748,0.00085295,5.46074e-05,0.00817066,0.972854,0.00337118,0.00190412
0.0112329,0.00587577,0.00201273,0.000223337,0.00638169,0.960855,0.00700626,0.00641248
0.0111141,0.00585554,0.00197578,0.000213487,0.00642148,0.961354,0.0067144,0.00635093
0.0122689,0.00632394,0.0022108,0.00020697,0.00934714,0.956838,0.00623573,0.00656885
0.0118276,0.00838732,0.00250718,0.0001618,0.0150703,0.949868,0.00528937,0.00688849
0.0169446,0.010227,0.00413203,0.000261569,0.0332019,0.918308,0.00605858,0.0108659
0.0141799,0.00886464,0.00323392,0.000197568,0.0124963,0.947457,0.00660225,0.00696865
0.0149157,0.00815914,0.00352889,0.000279589,0.0104636,0.947826,0.00842344,0.00640356
0.0110117,0.00951873,0.00306644,0.000210623,0.0209908,0.94344,0.00720643,0.00455517
0.00785418,0.00972801,0.00212699,0.000116882,0.0267393,0.944447,0.00703312,0.00195443
0.00662172,0.00487661,0.00181508,0.000369045,0.00776217,0.908867,0.0662764,0.00341227
0.00592365,0.00453889,0.0022404,0.000346291,0.00516957,0.911163,0.0667095,0.00390865
0.00810372,0.00509057,0.00305569,0.000477764,0.00552837,0.897441,0.0765995,0.00370333
0.00956932,0.00602279,0.00391586,0.00082623,0.00687459,0.885074,0.0835002,0.00421655
0.0104895,0.00532607,0.0034495,0.000552918,0.00489561,0.876776,0.094653,0.00385772
0.00724874,0.00540782,0.00216963,0.000308494,0.00566691,0.920773,0.0551436,0.0032819
0.00724874,0.00540782,0.00216963,0.000308494,0.00566691,0.920773,0.0551436,0.0032819
0.016374,0.00617461,0.00253695,0.000367211,0.00783793,0.916307,0.0476371,0.00276477
0.0130452,0.00889479,0.00117088,9.51303e-05,0.00394407,0.924931,0.0464637,0.00145558
0.00923391,0.00591069,0.0011407,9.22434e-05,0.00518283,0.940371,0.0359765,0.00209252
0.0101743,0.00906208,0.000959207,8.89156e-05,0.00549228,0.941012,0.031602,0.00160892
0.0156786,0.0145062,0.00166059,0.000176945,0.00773622,0.931296,0.0256698,0.00327546
0.0161806,0.0132556,0.00207397,0.00028663,0.00781272,0.927403,0.0291379,0.00384936
0.0139526,0.0159554,0.00203862,0.000222665,0.0109458,0.926408,0.0278332,0.00264407
0.0155759,0.0142441,0.00211024,0.000175139,0.0127988,0.930546,0.0220697,0.00248012
0.00934796,0.0072275,0.0022813,0.000221288,0.0183659,0.938853,0.0198314,0.00387158
0.0100042,0.00714769,0.00257878,0.000222771,0.0216699,0.938404,0.0150013,0.00497118
0.012822,0.00698558,0.00289385,0.000250736,0.0206413,0.935552,0.0158075,0.00504681
0.0150038,0.00600613,0.00281644,0.000244134,0.017389,0.939626,0.0142528,0.00466223
0.0169302,0.00645806,0.00350432,0.000348331,0.0238518,0.926392,0.0170816,0.00543376
0.0188258,0.00689452,0.00396437,0.000410731,0.0318561,0.917374,0.0149249,0.00574953
0.0227649,0.00615918,0.00419915,0.000545782,0.0289747,0.915311,0.0166487,0.00539684
0.0204141,0.00524574,0.00359549,0.00044566,0.0308447,0.920478,0.0139809,0.0049953
0.0347704,0.00525662,0.00523238,0.000786263,0.0301054,0.903276,0.0140083,0.00656477
0.0241667,0.00590795,0.00475189,0.000699034,0.0820334,0.864111,0.0121387,0.00619174
0.0235131,0.00530395,0.00387767,0.000573376,0.0406836,0.907523,0.0133645,0.00516102
0.0251448,0.00461754,0.00324939,0.000473581,0.0179457,0.929229,0.0148559,0.00448399
0.0179977,0.00439473,0.00174006,0.000183386,0.00685225,0.949368,0.0174139,0.00205017
0.0193501,0.00481245,0.00206952,0.000176724,0.0158249,0.94325,0.0121729,0.00234308
0.017198,0.0048921,0.00266089,0.000309163,0.0410636,0.919094,0.0117556,0.00302691
0.00815179,0.00484132,0.000598707,6.26101e-05,0.00257773,0.959432,0.0237268,0.000609189
0.00996727,0.00246449,0.000715718,5.49972e-05,0.0011117,0.967257,0.0175749,0.000853422
0.0102477,0.00144457,0.000612975,2.70657e-05,0.000506257,0.957035,0.029826,0.00030016
0.00795754,0.000917027,0.000414737,1.48221e-05,0.000301684,0.930314,0.0599526,0.000127646
0.00590092,0.000412116,0.000221278,1.36515e-05,0.000110812,0.938759,0.0545028,7.90483e-05
0.00851808,0.00174926,0.000933375,0.000108966,0.000498649,0.915212,0.0725519,0.000427522
0.00851808,0.00174926,0.000933375,0.000108966,0.000498649,0.915212,0.0725519,0.000427522
0.0155073,0.00968249,0.00134456,6.40397e-05,0.0020438,0.940415,0.0303009,0.000642001
0.0160485,0.00656836,0.00107246,4.70772e-05,0.00135615,0.936932,0.0375686,0.000406784
0.0254572,0.00886392,0.00172344,6.02906e-05,0.00124813,0.86924,0.0931088,0.000298317
0.0193154,0.00823086,0.00124034,4.89771e-05,0.000686532,0.867197,0.103056,0.000224549
0.0268344,0.00676752,0.00144321,5.232e-05,0.000496973,0.901213,0.0629339,0.000258753
0.0111217,0.00337741,0.000734072,4.98722e-05,0.000432024,0.941174,0.0428412,0.000269239
0.0115398,0.00275163,0.000613443,5.57656e-05,0.000426634,0.944569,0.039756,0.000287549
0.00940624,0.00178977,0.000376651,3.22827e-05,0.000286775,0.950469,0.0374462,0.000192947
0.0098956,0.0024018,0.000508968,5.60096e-05,0.000480121,0.950094,0.0362234,0.000340114
0.00845277,0.00227206,0.000511708,8.08053e-05,0.000690566,0.955412,0.0320709,0.000509429
0.00514298,0.00173121,0.000986911,0.000142546,0.00112608,0.927892,0.0617923,0.0011858
0.000897028,0.00189245,0.000387499,0.0001099,0.00160496,0.907106,0.0870625,0.000939568
0.0013165,0.00179093,0.000423953,0.000206345,0.0019304,0.906429,0.0867048,0.00119812
0.00136431,0.00101739,0.000319989,0.000128725,0.000529989,0.888218,0.107732,0.000689732
0.000927959,0.000497382,0.000175084,4.3974e-05,0.000110563,0.858004,0.139982,0.000259022
0.00168187,0.000751782,0.000183248,2.31609e-05,0.000247067,0.898297,0.0986345,0.000181205
0.00265235,0.000748353,0.000216858,2.51517e-05,0.00013212,0.933241,0.0627142,0.00027023
0.0059207,0.00108382,0.000293116,4.17713e-05,0.000176501,0.964279,0.0276455,0.000559101
0.0053166,0.00104744,0.000198477,3.37479e-05,0.000111893,0.975605,0.0171802,0.000506655
0.0103318,0.00169863,0.000465396,5.62828e-05,0.000152782,0.974288,0.0119791,0.00102842
0.0169425,0.00200241,0.00101829,8.05846e-05,0.000215088,0.964325,0.0132486,0.00216759
0.0156793,0.00189657,0.000942111,8.62693e-05,0.000227868,0.966809,0.0115173,0.00284153
0.0131122,0.00176946,0.000831606,7.77106e-05,0.000236598,0.970582,0.00996637,0.00342375
0.0135913,0.00389885,0.00105286,0.000145671,0.000323215,0.967025,0.0101913,0.00377167
0.0148067,0.00469206,0.00225816,0.000408594,0.000776776,0.950853,0.0172061,0.00899882
0.0173632,0.00448133,0.00246954,0.0004382,0.00119821,0.946224,0.0147877,0.0130383
0.0173492,0.00397341,0.00247397,0.000450437,0.00105539,0.946253,0.0147611,0.0136831
0.0349973,0.00412991,0.00414981,0.000545276,0.000931324,0.921664,0.0119589,0.0216238
0.0406064,0.00455093,0.00498636,0.000577897,0.00112672,0.90836,0.0110484,0.0287438
0.0406064,0.00455093,0.00498636,0.000577897,0.00112672,0.90836,0.0110484,0.0287438
